local Anim2 = {
['1'] = {
['PI'] = CFrame.new(-0.641159058, -0.440243721, 0.129051208, -0.310227513, 0.0629595593, 0.948575258, -0.195585534, 0.972232163, -0.128495157, -0.930325329, -0.225390345, -0.28929916),
['Hea'] = CFrame.new(0.124919891, 2.83625126, -0.115943909, 0.993936896, 0.109114364, 0.0135549605, -0.109938048, 0.988259554, 0.106097825, -0.00181904435, -0.10694474, 0.994263411),
['RA'] = CFrame.new(1.63546371, 1.06644845, 0.0178527832, -0.13277401, -0.339402556, 0.931223512, 0.10317909, 0.92970401, 0.35356003, -0.985761285, 0.143026337, -0.0884212106),
['Tor'] = CFrame.new(0.000263214111, 1.34855199, 0.000419616699, 0.997569919, 0.0696624517, -0.00124931335, -0.0694363266, 0.995490789, 0.0646272227, 0.00574576855, -0.0643834174, 0.997908831),
['Hats'] = {
['Hat3'] = CFrame.new(0.160552979, 3.16828442, -0.127502441, 0.993936837, 0.109114222, 0.0135569572, -0.109938107, 0.988259614, 0.106096819, -0.00182107091, -0.106943943, 0.99426353),
['Hat1'] = CFrame.new(0.135387421, 2.92200565, -0.0237197876, 0.993937016, 0.109113954, 0.0135421157, -0.109936267, 0.988259017, 0.106104143, -0.00180566311, -0.106949612, 0.994262695),
['Hat2'] = CFrame.new(0.194728851, 3.41457796, -0.682868958, -0.993937075, 0.109114349, -0.0135387778, 0.109936304, 0.988258898, -0.106105976, 0.00180214643, -0.106951043, -0.994262815),
['Hat4'] = CFrame.new(1.88113022, 2.83569002, 1.65370178, 0.604863942, -0.78837055, 0.112301499, 0.79624474, 0.600804806, -0.070907332, -0.0115700066, 0.132308751, 0.991141081),
},
['LA'] = CFrame.new(-1.57863617, 1.2559166, 0.052444458, -0.15330191, 0.30417037, 0.940201581, 0.0955306292, 0.951553702, -0.292266428, -0.983551025, 0.045013085, -0.174932435),
['PD'] = CFrame.new(0.579917908, -0.0967848301, -0.0516204834, -0.11371325, -0.0979367197, 0.988674819, -0.116027206, 0.989629209, 0.0846863016, -0.986715317, -0.10508322, -0.123897329),
},
['2'] = {
['PI'] = CFrame.new(-0.642642975, -0.443555832, 0.128623962, -0.311098069, 0.0630208254, 0.948286116, -0.194332838, 0.972498059, -0.128383413, -0.930297256, -0.224222898, -0.290295213),
['Hea'] = CFrame.new(0.124862671, 2.83405495, -0.114891052, 0.993898451, 0.109059297, 0.0164938867, -0.11019408, 0.988320291, 0.105262786, -0.00482133031, -0.106438041, 0.994307637),
['RA'] = CFrame.new(1.63521957, 1.06464958, 0.0173568726, -0.132333264, -0.339108884, 0.931393147, 0.104849577, 0.929596186, 0.353351802, -0.985644162, 0.144416362, -0.0874610692),
['Tor'] = CFrame.new(-0.000312805176, 1.34575129, 0.000816345215, 0.997545838, 0.0700144023, -0.000604599714, -0.0698341057, 0.995526433, 0.0636416301, 0.00505772233, -0.0634432286, 0.997972608),
['Hats'] = {
['Hat3'] = CFrame.new(0.160671234, 3.16609097, -0.126060486, 0.993898451, 0.109059393, 0.0164940655, -0.110194184, 0.988320291, 0.105262645, -0.00482150912, -0.106437922, 0.994307637),
['Hat1'] = CFrame.new(0.135746002, 2.91999435, -0.0227432251, 0.993898511, 0.109059006, 0.0164931118, -0.1101937, 0.988320291, 0.105263531, -0.00482052565, -0.106438681, 0.994307637),
['Hat2'] = CFrame.new(0.193477631, 3.41219187, -0.681144714, -0.993898511, 0.109059408, -0.0164939761, 0.110194206, 0.988320291, -0.105262585, 0.00482147932, -0.106437847, -0.994307637),
['Hat4'] = CFrame.new(2.15757751, 2.91284084, 1.65663147, 0.715453267, -0.6887936, 0.117004424, 0.697733581, 0.713037431, -0.0688879639, -0.0359789133, 0.130924076, 0.990739286),
},
['LA'] = CFrame.new(-1.57855606, 1.2559166, 0.0529098511, -0.154154196, 0.30515486, 0.939743042, 0.0964560881, 0.951216757, -0.293058068, -0.983327389, 0.0454678237, -0.176068023),
['PD'] = CFrame.new(0.578487396, -0.101547003, -0.0539474487, -0.115045622, -0.0977525264, 0.988538861, -0.113535747, 0.989919007, 0.084675774, -0.986850739, -0.102492899, -0.124984309),
},
['3'] = {
['PI'] = CFrame.new(-0.643939972, -0.448945284, 0.126113892, -0.311167508, 0.0633720309, 0.948239923, -0.192500755, 0.972887993, -0.128188938, -0.930654824, -0.222425073, -0.290531933),
['Hea'] = CFrame.new(0.125408173, 2.83142519, -0.113075256, 0.993790746, 0.109678745, 0.0187213719, -0.111035913, 0.988397956, 0.10363692, -0.00713738799, -0.10507217, 0.994439006),
['RA'] = CFrame.new(1.63536835, 1.06424308, 0.0167999268, -0.132278934, -0.339032203, 0.93142873, 0.105417542, 0.929544985, 0.353317618, -0.985590935, 0.144925416, -0.087219283),
['Tor'] = CFrame.new(-0.000183105469, 1.34312725, 0.000785827637, 0.997524023, 0.0703244656, -0.000634759665, -0.070145905, 0.995558083, 0.0627994984, 0.0050483048, -0.0625994876, 0.998025894),
['Hats'] = {
['Hat3'] = CFrame.new(0.161464691, 3.16345835, -0.123596191, 0.993790627, 0.109679848, 0.0187236071, -0.111037232, 0.988398015, 0.103635184, -0.00713968277, -0.105070688, 0.994439185),
['Hat1'] = CFrame.new(0.136390686, 2.91737843, -0.0205078125, 0.993791461, 0.10967508, 0.0187119246, -0.111031339, 0.988397479, 0.10364604, -0.00712743402, -0.105080135, 0.994438291),
['Hat2'] = CFrame.new(0.193065643, 3.41043568, -0.678390503, -0.993790746, 0.109679654, -0.0187234581, 0.111037031, 0.988398075, -0.103634857, 0.00713962317, -0.105070353, -0.994439125),
['Hat4'] = CFrame.new(2.23102188, 2.83168411, 1.69572449, 0.768280387, -0.628777266, 0.119935036, 0.638251126, 0.766760707, -0.068654649, -0.0487929583, 0.129294664, 0.990405083),
},
['LA'] = CFrame.new(-1.5782547, 1.25619078, 0.0526809692, -0.154572949, 0.305530518, 0.939552188, 0.0968799889, 0.951085865, -0.29334268, -0.983219981, 0.0456809551, -0.176611945),
['PD'] = CFrame.new(0.577671051, -0.106240511, -0.0555343628, -0.115593895, -0.0975374728, 0.988496125, -0.111395985, 0.990162134, 0.084675312, -0.987030506, -0.100326531, -0.125321969),
},
['4'] = {
['PI'] = CFrame.new(-0.64453125, -0.456710577, 0.120567322, -0.31121543, 0.0638909861, 0.948189378, -0.189863846, 0.973442733, -0.127909899, -0.931180239, -0.219834402, -0.290819883),
['Hea'] = CFrame.new(0.127277374, 2.82693672, -0.111228943, 0.993596792, 0.110758774, 0.0223175287, -0.112458825, 0.98852402, 0.100862511, -0.010890007, -0.10272646, 0.994650006),
['RA'] = CFrame.new(1.63620377, 1.06338882, 0.0162124634, -0.131559953, -0.338957727, 0.931557655, 0.106811367, 0.929407716, 0.353259981, -0.985537052, 0.145975798, -0.0860682875),
['Tor'] = CFrame.new(0.000720977783, 1.33864117, -0.000183105469, 0.99748528, 0.0708685741, -0.000883460045, -0.0706809908, 0.995610058, 0.061359264, 0.0052280724, -0.0611425191, 0.99811542),
['Hats'] = {
['Hat3'] = CFrame.new(0.1639328, 3.15896988, -0.120864868, 0.993596554, 0.110760003, 0.0223201811, -0.1124603, 0.988524079, 0.100860462, -0.010892719, -0.102724731, 0.994650126),
['Hat1'] = CFrame.new(0.138469696, 2.91289425, -0.0179901123, 0.993597507, 0.110753961, 0.0223054886, -0.112452909, 0.988523602, 0.100874268, -0.0108772516, -0.102736756, 0.994649112),
['Hat2'] = CFrame.new(0.19342804, 3.40744305, -0.674934387, -0.993596673, 0.110759497, -0.0223192573, 0.112459704, 0.988524139, -0.100860886, 0.0108917952, -0.102725059, -0.994650126),
['Hat4'] = CFrame.new(2.4930954, 2.64469957, 1.62662506, 0.858618736, -0.497005939, 0.125534505, 0.507303596, 0.859009862, -0.0688843578, -0.0735993981, 0.122829497, 0.989694893),
},
['LA'] = CFrame.new(-1.57796097, 1.25705147, 0.0521087646, -0.15508084, 0.306339413, 0.93920505, 0.0978836119, 0.950793564, -0.293956727, -0.983040571, 0.0463457331, -0.177435502),
['PD'] = CFrame.new(0.577850342, -0.114224911, -0.0603713989, -0.116335347, -0.0971485078, 0.988447428, -0.107761085, 0.990564466, 0.0846736357, -0.987346768, -0.0966656357, -0.12570639),
},
['5'] = {
['PI'] = CFrame.new(-0.646076202, -0.46574831, 0.115135193, -0.311326057, 0.0644838065, 0.948112965, -0.186794281, 0.974078894, -0.12758635, -0.931764007, -0.216822997, -0.29121092),
['Hea'] = CFrame.new(0.12878418, 2.82139206, -0.10798645, 0.993335962, 0.112104572, 0.0267634988, -0.11420285, 0.988668442, 0.0974291787, -0.0155379772, -0.0998363644, 0.994882584),
['RA'] = CFrame.new(1.63658142, 1.06214237, 0.016708374, -0.130365953, -0.338870287, 0.93175739, 0.108844854, 0.929205596, 0.35317117, -0.985473275, 0.147458494, -0.0842524618),
['Tor'] = CFrame.new(0.00100708008, 1.33309579, -0.000396728516, 0.997437, 0.0715414733, -0.00118252635, -0.071344167, 0.995670855, 0.0595795102, 0.0054397583, -0.0593424477, 0.998222947),
['Hats'] = {
['Hat3'] = CFrame.new(0.166183472, 3.15342617, -0.116577148, 0.993335843, 0.112105496, 0.0267655849, -0.114203945, 0.988668501, 0.0974275544, -0.0155400932, -0.0998350233, 0.994882584),
['Hat1'] = CFrame.new(0.140247345, 2.90734816, -0.0139312744, 0.993336797, 0.112100199, 0.0267525911, -0.114197575, 0.988668025, 0.0974397585, -0.0155264437, -0.0998455808, 0.994881809),
['Hat2'] = CFrame.new(0.193073273, 3.40374756, -0.669715881, -0.993336082, 0.112104461, -0.0267631412, 0.114202715, 0.988668442, -0.0974295214, 0.0155375898, -0.0998366699, -0.994882584),
['Hat4'] = CFrame.new(2.8684082, 2.39468098, 1.49620819, 0.94285357, -0.305660546, 0.132660627, 0.316571474, 0.945952058, -0.0704077333, -0.103969753, 0.108380735, 0.988657713),
},
['LA'] = CFrame.new(-1.57828903, 1.25829864, 0.0520401001, -0.155678198, 0.307506889, 0.938724637, 0.0993381739, 0.950367033, -0.294846475, -0.982800245, 0.047350049, -0.178498611),
['PD'] = CFrame.new(0.577331543, -0.124078751, -0.0654907227, -0.117259249, -0.0966623425, 0.988385916, -0.103274122, 0.991042674, 0.0846700072, -0.987717032, -0.0921463445, -0.126191691),
},
['6'] = {
['PI'] = CFrame.new(-0.648235321, -0.471796751, 0.113182068, -0.31199339, 0.0647444129, 0.947875738, -0.184739843, 0.974498987, -0.127370045, -0.931950331, -0.214849025, -0.292076379),
['Hea'] = CFrame.new(0.128986359, 2.81733179, -0.104881287, 0.993118882, 0.113042906, 0.0305957198, -0.115471393, 0.988766193, 0.0949093625, -0.0195231736, -0.0977892131, 0.995015621),
['RA'] = CFrame.new(1.63648605, 1.0610497, 0.016708374, -0.129768893, -0.338725805, 0.931893229, 0.110626958, 0.929026365, 0.353088886, -0.985353649, 0.14891246, -0.0830865353),
['Tor'] = CFrame.new(0.000450134277, 1.32903171, 0.000129699707, 0.997404218, 0.0720010698, -0.000821173191, -0.0718309954, 0.995712996, 0.0582757629, 0.00501358509, -0.0580655113, 0.998300135),
['Hats'] = {
['Hat3'] = CFrame.new(0.166889191, 3.14936686, -0.112670898, 0.993118882, 0.113043264, 0.0305965245, -0.11547181, 0.988766313, 0.0949087068, -0.0195240378, -0.0977886617, 0.99501574),
['Hat1'] = CFrame.new(0.140701294, 2.9032793, -0.0102310181, 0.993119419, 0.113040715, 0.0305902958, -0.115468793, 0.988766074, 0.094914563, -0.0195174515, -0.0977937281, 0.995015264),
['Hat2'] = CFrame.new(0.191589355, 3.40104246, -0.66519928, -0.993119299, 0.113041639, -0.0305923522, 0.115469873, 0.988766074, -0.094912447, 0.0195196271, -0.0977918655, -0.995015502),
['Hat4'] = CFrame.new(3.15407562, 2.19291687, 1.41499329, 0.980479836, -0.13942191, 0.138639271, 0.150467157, 0.985944331, -0.0726183876, -0.126566023, 0.0920615196, 0.987676978),
},
['LA'] = CFrame.new(-1.57897949, 1.25938535, 0.0530014038, -0.156650141, 0.308547646, 0.938221216, 0.100605607, 0.949992955, -0.295621336, -0.982516885, 0.0480812043, -0.179858133),
['PD'] = CFrame.new(0.575893402, -0.131285667, -0.0685119629, -0.11851047, -0.0963533074, 0.988266826, -0.0999899581, 0.991379738, 0.0846662521, -0.987905502, -0.0887829289, -0.127123222),
},
['7'] = {
['PI'] = CFrame.new(-0.650161743, -0.473399401, 0.1146698, -0.312681675, 0.0646992177, 0.947651982, -0.184187084, 0.974611044, -0.127313092, -0.931828976, -0.214353755, -0.292826265),
['Hea'] = CFrame.new(0.1277771, 2.81634331, -0.103378296, 0.993096948, 0.112842783, 0.0320138633, -0.115404651, 0.98880291, 0.0946074724, -0.0209795833, -0.0976489335, 0.994999766),
['RA'] = CFrame.new(1.63615417, 1.06060171, 0.016204834, -0.129890218, -0.338610828, 0.931918085, 0.111357234, 0.928952336, 0.353054136, -0.985255361, 0.149634078, -0.0829550475),
['Tor'] = CFrame.new(-0.000537872314, 1.32801723, 0.00102233887, 0.997398376, 0.0720870122, -0.000167161226, -0.0719562247, 0.995723128, 0.0579464957, 0.00434368849, -0.0577837117, 0.998319626),
['Hats'] = {
['Hat3'] = CFrame.new(0.16550827, 3.14835548, -0.110870361, 0.993097067, 0.112841696, 0.0320138931, -0.115403593, 0.988802969, 0.0946080312, -0.0209797025, -0.0976494774, 0.994999647),
['Hat1'] = CFrame.new(0.139499664, 2.90228558, -0.00852966309, 0.993096232, 0.112850375, 0.0320137739, -0.115412101, 0.988802552, 0.094602339, -0.0209793746, -0.0976439938, 0.995000243),
['Hat2'] = CFrame.new(0.189418793, 3.40021515, -0.663528442, -0.993097186, 0.112840593, -0.0320137739, 0.115402505, 0.988803029, -0.0946088508, 0.0209796131, -0.0976502597, -0.994999647),
['Hat4'] = CFrame.new(3.19207764, 2.12946606, 1.46351624, 0.986699343, -0.0807832032, 0.141061962, 0.0918236747, 0.993052602, -0.0735874921, -0.134137332, 0.0855615586, 0.98726213),
},
['LA'] = CFrame.new(-1.57947922, 1.25982285, 0.0540008545, -0.157415017, 0.30898568, 0.937949002, 0.10111589, 0.949841619, -0.295933276, -0.982342243, 0.0482571796, -0.180762693),
['PD'] = CFrame.new(0.574035645, -0.133166075, -0.0679855347, -0.119383052, -0.0963217765, 0.988164902, -0.0991426185, 0.991464913, 0.0846657306, -0.987885833, -0.0878616199, -0.127913579),
},
['8'] = {
['PI'] = CFrame.new(-0.650684357, -0.480570793, 0.109848022, -0.312306195, 0.0653009117, 0.947734475, -0.181748733, 0.975099266, -0.127077937, -0.932433486, -0.211936772, -0.29266119),
['Hea'] = CFrame.new(0.125408173, 2.81361866, -0.104995728, 0.993795335, 0.106438294, 0.0322770774, -0.109145984, 0.989097536, 0.0988600999, -0.0214026272, -0.101769626, 0.994577765),
['RA'] = CFrame.new(1.63686371, 1.06088066, 0.015663147, -0.129119352, -0.338633358, 0.932017088, 0.11226511, 0.928850114, 0.353035599, -0.985253692, 0.150216728, -0.0819157809),
['Tor'] = CFrame.new(3.05175781e-05, 1.32484245, 0.000778198242, 0.997358918, 0.0726255849, -0.000789374113, -0.0724639669, 0.995756209, 0.0567325354, 0.00490623713, -0.0565254986, 0.998389125),
['Hats'] = {
['Hat3'] = CFrame.new(0.160831451, 3.14517498, -0.113967896, 0.993795574, 0.10643509, 0.0322773457, -0.109142855, 0.989097714, 0.0988617837, -0.0214031041, -0.101771258, 0.994577527),
['Hat1'] = CFrame.new(0.136383057, 2.89956856, -0.0106048584, 0.993792415, 0.10646496, 0.0322768986, -0.109172113, 0.989096463, 0.0988421068, -0.0214017034, -0.101752289, 0.994579494),
['Hat2'] = CFrame.new(0.183029175, 3.39521551, -0.668289185, -0.99379611, 0.106430978, -0.0322772563, 0.109138817, 0.989097834, -0.0988647416, 0.0214031041, -0.101774089, -0.994577289),
['Hat4'] = CFrame.new(3.21255112, 1.91634655, 1.4723053, 0.988401413, 0.0450938717, 0.145014822, -0.0342014544, 0.996463716, -0.0767483115, -0.147962928, 0.0708984137, 0.986448407),
},
['LA'] = CFrame.new(-1.57899475, 1.26096582, 0.0528411865, -0.157522723, 0.309434354, 0.937783062, 0.101787642, 0.949668527, -0.296258509, -0.982255578, 0.048787266, -0.181090966),
['PD'] = CFrame.new(0.573863983, -0.140447617, -0.0713195801, -0.119578734, -0.0959707648, 0.988175392, -0.0962312371, 0.991750956, 0.0846731141, -0.988150001, -0.0849682391, -0.127827719),
},
['9'] = {
['PI'] = CFrame.new(-0.651226044, -0.490252018, 0.10308075, -0.312391341, 0.0659807473, 0.947659373, -0.178453282, 0.975748837, -0.126762748, -0.933041394, -0.208712518, -0.293040961),
['Hea'] = CFrame.new(0.121612549, 2.80949879, -0.107795715, 0.994761109, 0.0966761336, 0.03322649, -0.0996752158, 0.989433646, 0.105290309, -0.022696346, -0.108050577, 0.993886232),
['RA'] = CFrame.new(1.63766861, 1.06152582, 0.014541626, -0.127787009, -0.338615179, 0.932207227, 0.114375293, 0.928610921, 0.352987409, -0.985184669, 0.15172869, -0.079935208),
['Tor'] = CFrame.new(0.000610351562, 1.32003641, 0.000328063965, 0.99730134, 0.073407352, -0.00112500787, -0.0732351094, 0.99580282, 0.0548949316, 0.00514999032, -0.0546643957, 0.998491585),
['Hats'] = {
['Hat3'] = CFrame.new(0.153766632, 3.14036846, -0.11933136, 0.994761467, 0.0966732502, 0.0332266688, -0.0996724218, 0.989433706, 0.105291873, -0.0226966739, -0.108052082, 0.993886173),
['Hat1'] = CFrame.new(0.131614685, 2.89545012, -0.0143203735, 0.994758308, 0.0967056975, 0.0332264304, -0.0997041687, 0.989432812, 0.105270498, -0.0226950347, -0.108031496, 0.993888438),
['Hat2'] = CFrame.new(0.172927856, 3.38766193, -0.67603302, -0.994761944, 0.0966684595, -0.0332265496, 0.0996677205, 0.989433825, -0.105295233, 0.0226967335, -0.108055294, -0.993885875),
['Hat4'] = CFrame.new(3.33076096, 1.52904129, 1.36580658, 0.953125715, 0.261948049, 0.151441783, -0.251740247, 0.96419543, -0.083391659, -0.167863727, 0.0413587391, 0.984942257),
},
['LA'] = CFrame.new(-1.5786705, 1.26355553, 0.0518112183, -0.158212915, 0.310563177, 0.93729353, 0.10342323, 0.949240029, -0.297063947, -0.981973648, 0.0499385744, -0.182301477),
['PD'] = CFrame.new(0.573886871, -0.151435852, -0.0777359009, -0.120474234, -0.0954885408, 0.988113284, -0.0918392539, 0.992166519, 0.0846828595, -0.988459229, -0.080545485, -0.128300026),
},
['10'] = {
['PI'] = CFrame.new(-0.652469635, -0.497432947, 0.098991394, -0.312826455, 0.0664050803, 0.947486222, -0.17600593, 0.97622335, -0.126530066, -0.933360457, -0.206345111, -0.293700755),
['Hea'] = CFrame.new(0.117855072, 2.8062191, -0.109611511, 0.995454907, 0.0888481587, 0.0342863202, -0.0921289921, 0.989607155, 0.110408522, -0.0241203904, -0.113065481, 0.993294716),
['RA'] = CFrame.new(1.6378746, 1.06213355, 0.0134963989, -0.126753852, -0.33856383, 0.932366908, 0.116362281, 0.92838335, 0.352936566, -0.985085487, 0.153228387, -0.0782800764),
['Tor'] = CFrame.new(0.00040435791, 1.31620812, 0.000373840332, 0.997256875, 0.0740120411, -0.0010420382, -0.0738508403, 0.995836914, 0.0534316339, 0.00499227643, -0.0532081053, 0.998571038),
['Hats'] = {
['Hat3'] = CFrame.new(0.147373199, 3.1365428, -0.123130798, 0.995455146, 0.0888466239, 0.0342864394, -0.092127502, 0.989607215, 0.110409416, -0.0241205692, -0.113066338, 0.993294597),
['Hat1'] = CFrame.new(0.127101898, 2.89216661, -0.0168380737, 0.99545306, 0.0888682902, 0.0342863798, -0.0921486989, 0.989606798, 0.110395089, -0.0241194367, -0.113052592, 0.993296266),
['Hat2'] = CFrame.new(0.1639328, 3.3816514, -0.681770325, -0.995455384, 0.0888432041, -0.0342863798, 0.0921241716, 0.989607215, -0.110411748, 0.0241207182, -0.113068558, -0.993294418),
['Hat4'] = CFrame.new(3.43104553, 1.19269323, 1.27555084, 0.883900642, 0.440878749, 0.156030923, -0.431748122, 0.897482753, -0.0901016966, -0.179758906, 0.0122749209, 0.983634174),
},
['LA'] = CFrame.new(-1.57892609, 1.26597977, 0.0515975952, -0.159083024, 0.31163314, 0.936791062, 0.104953922, 0.948836029, -0.297817051, -0.981670737, 0.0509422719, -0.183650836),
['PD'] = CFrame.new(0.573120117, -0.160173416, -0.0824737549, -0.121534273, -0.0951266214, 0.988018394, -0.0883447453, 0.992483258, 0.0846893787, -0.988647938, -0.0769935846, -0.12902461),
},
['11'] = {
['PI'] = CFrame.new(-0.654376984, -0.500210285, 0.099571228, -0.313594401, 0.0664376616, 0.947229981, -0.175060451, 0.976405025, -0.126440272, -0.933280528, -0.205473468, -0.294564486),
['Hea'] = CFrame.new(0.115306854, 2.8047452, -0.109642029, 0.995729148, 0.0853014812, 0.0353146791, -0.0887767226, 0.989661634, 0.112643346, -0.0253409445, -0.115297392, 0.993007779),
['RA'] = CFrame.new(1.63788986, 1.06253743, 0.012260437, -0.126412973, -0.338475257, 0.932445407, 0.11768236, 0.928231001, 0.35289976, -0.984972417, 0.154343471, -0.0775078386),
['Tor'] = CFrame.new(-0.000385284424, 1.31449127, 0.00101470947, 0.997239828, 0.0742460191, -0.000418752432, -0.074120447, 0.99585104, 0.0527905412, 0.00433647633, -0.0526137948, 0.998605609),
['Hats'] = {
['Hat3'] = CFrame.new(0.143413544, 3.13483381, -0.123718262, 0.995729208, 0.0853011906, 0.0353146195, -0.0887764171, 0.989661753, 0.112643227, -0.0253409445, -0.115297258, 0.993007839),
['Hat1'] = CFrame.new(0.124141693, 2.8906827, -0.0170059204, 0.995729089, 0.0853016675, 0.0353150666, -0.0887769982, 0.989661396, 0.112645298, -0.0253411531, -0.115299374, 0.99300766),
['Hat2'] = CFrame.new(0.158596039, 3.37899876, -0.68334198, -0.995729208, 0.0853012502, -0.0353146195, 0.0887764618, 0.989661813, -0.112642884, 0.0253409147, -0.115296908, -0.993007839),
['Hat4'] = CFrame.new(3.44453812, 1.00304484, 1.28823853, 0.826299131, 0.540453851, 0.158554316, -0.532178283, 0.841349721, -0.0944295451, -0.184434325, -0.00635208189, 0.982824326),
},
['LA'] = CFrame.new(-1.57922745, 1.26757407, 0.0520858765, -0.160005972, 0.312356383, 0.936392963, 0.105960459, 0.948568702, -0.298311889, -0.98141253, 0.0514889359, -0.184874043),
['PD'] = CFrame.new(0.571395874, -0.164072275, -0.083366394, -0.122579649, -0.0950073227, 0.987900794, -0.0867924318, 0.992619932, 0.0846918747, -0.988656402, -0.0753608048, -0.129920945),
},
['12'] = {
['PI'] = CFrame.new(-0.655376434, -0.506075978, 0.0966796875, -0.31355077, 0.0668036416, 0.947218716, -0.173372015, 0.976727664, -0.126274839, -0.93361032, -0.203814775, -0.294671774),
['Hea'] = CFrame.new(0.115146637, 2.80207586, -0.106323242, 0.99579823, 0.0846759528, 0.034868896, -0.0880082622, 0.990151644, 0.108877622, -0.0253061652, -0.111488894, 0.993443549),
['RA'] = CFrame.new(1.63830566, 1.06291938, 0.0113372803, -0.126071796, -0.33848983, 0.932486176, 0.118333295, 0.928143501, 0.352912039, -0.984938264, 0.154836416, -0.0769581348),
['Tor'] = CFrame.new(-0.000270843506, 1.31216002, 0.000396728516, 0.997217059, 0.0745517686, -0.000603675842, -0.0744195655, 0.995869756, 0.0520126075, 0.00447878242, -0.0518229418, 0.998646259),
['Hats'] = {
['Hat3'] = CFrame.new(0.142963409, 3.13283062, -0.118759155, 0.995798409, 0.0846742913, 0.0348682106, -0.0880065113, 0.990151882, 0.108876675, -0.025305748, -0.111487851, 0.993443608),
['Hat1'] = CFrame.new(0.124042511, 2.8876915, -0.0131530762, 0.995797992, 0.0846778229, 0.0348722935, -0.0880109295, 0.990149558, 0.108894907, -0.0253077745, -0.111506462, 0.993441522),
['Hat2'] = CFrame.new(0.157905579, 3.37933302, -0.677719116, -0.995798409, 0.0846743509, -0.0348675549, 0.0880063996, 0.990152359, -0.108872771, 0.0253054798, -0.111483917, -0.993443966),
['Hat4'] = CFrame.new(3.34576797, 0.882060528, 1.33287048, 0.771351099, 0.6159091, 0.160229564, -0.608343661, 0.787525892, -0.0985952616, -0.186910689, -0.0214231014, 0.982143283),
},
['LA'] = CFrame.new(-1.57896805, 1.26857162, 0.0514678955, -0.160332456, 0.312696964, 0.936223388, 0.106498972, 0.948437274, -0.29853794, -0.98130095, 0.0518415198, -0.185367182),
['PD'] = CFrame.new(0.570625305, -0.169091225, -0.085319519, -0.122887537, -0.094775036, 0.987884879, -0.0848533064, 0.992787838, 0.0846901238, -0.988786519, -0.0734179318, -0.130043194),
},
['13'] = {
['PI'] = CFrame.new(-0.656021118, -0.515502691, 0.0912628174, -0.31344533, 0.0673995316, 0.947211504, -0.170660183, 0.977239311, -0.126010016, -0.934145153, -0.20114851, -0.294808716),
['Hea'] = CFrame.new(0.115451813, 2.79716682, -0.100242615, 0.995926023, 0.0835447982, 0.0339384675, -0.0866065323, 0.991013408, 0.101939663, -0.0251169205, -0.104463644, 0.994211495),
['RA'] = CFrame.new(1.63927078, 1.06402826, 0.0110473633, -0.124715485, -0.338606566, 0.932626247, 0.120109506, 0.927900076, 0.352952272, -0.984895885, 0.1560359, -0.0750536472),
['Tor'] = CFrame.new(0.000331878662, 1.30786538, -0.00048828125, 0.997173905, 0.0751220435, -0.00106367469, -0.0749722943, 0.995902121, 0.0505795181, 0.00485894084, -0.0503568277, 0.998719454),
['Hats'] = {
['Hat3'] = CFrame.new(0.143039703, 3.12914848, -0.110153198, 0.995926261, 0.0835423619, 0.0339371264, -0.0866040811, 0.991013288, 0.101943702, -0.0251155794, -0.104467489, 0.994211197),
['Hat1'] = CFrame.new(0.124641418, 2.88217163, -0.00634002686, 0.995925605, 0.0835476443, 0.03394261, -0.0866103545, 0.991010845, 0.101961486, -0.0251188278, -0.104485832, 0.99420917),
['Hat2'] = CFrame.new(0.157470703, 3.37994671, -0.667663574, -0.995926321, 0.0835412815, -0.0339359939, 0.0866027623, 0.991013825, -0.101939358, 0.0251148641, -0.104463041, -0.994211674),
['Hat4'] = CFrame.new(3.21655273, 0.602870464, 1.2861557, 0.631024003, 0.758591652, 0.162318856, -0.752816796, 0.649318218, -0.107947856, -0.187284976, -0.054078728, 0.980815887),
},
['LA'] = CFrame.new(-1.57844162, 1.27135658, 0.0505371094, -0.160818771, 0.313549608, 0.935854793, 0.107898496, 0.94809866, -0.299110353, -0.981068373, 0.0528747588, -0.186303571),
['PD'] = CFrame.new(0.570514679, -0.178299665, -0.0899505615, -0.123335883, -0.0943380296, 0.987870753, -0.0812995583, 0.993085444, 0.0846857503, -0.989029169, -0.0698686689, -0.130152717),
},
['14'] = {
['PI'] = CFrame.new(-0.657356262, -0.525538921, 0.086807251, -0.313789159, 0.0679381192, 0.947059035, -0.167771265, 0.977775514, -0.125729263, -0.934552968, -0.198341757, -0.295417309),
['Hea'] = CFrame.new(0.115119934, 2.79160404, -0.0924682617, 0.996056437, 0.0822164193, 0.0333457887, -0.0850247964, 0.991928697, 0.094065167, -0.0253429115, -0.0965294316, 0.995007396),
['RA'] = CFrame.new(1.63993073, 1.06550837, 0.0110168457, -0.123247363, -0.338708758, 0.9327842, 0.122480273, 0.927572131, 0.35299927, -0.984788656, 0.157753885, -0.0728356391),
['Tor'] = CFrame.new(0.000370025635, 1.3029964, -0.000564575195, 0.99712646, 0.0757470503, -0.00113365054, -0.0756009445, 0.995935738, 0.0489546545, 0.00483721495, -0.0487282686, 0.998800397),
['Hats'] = {
['Hat3'] = CFrame.new(0.142780304, 3.12497711, -0.100006104, 0.996056378, 0.0822172388, 0.033344686, -0.0850256085, 0.991928279, 0.0940688401, -0.025341481, -0.0965330303, 0.995007098),
['Hat1'] = CFrame.new(0.124679565, 2.87590885, 0.00227355957, 0.996056139, 0.0822189152, 0.0333487093, -0.0850279704, 0.991927028, 0.0940810516, -0.0253442228, -0.0965455845, 0.995005846),
['Hat2'] = CFrame.new(0.156497955, 3.38064194, -0.656082153, -0.996056557, 0.0822164193, -0.0333433151, 0.0850245208, 0.991928875, -0.0940634087, 0.0253406763, -0.0965274647, -0.995007753),
['Hat4'] = CFrame.new(3.06345749, 0.259011745, 1.21903992, 0.424342692, 0.890767753, 0.162684351, -0.88765496, 0.444704682, -0.119610064, -0.178891286, -0.0936518908, 0.979401469),
},
['LA'] = CFrame.new(-1.57823181, 1.27505255, 0.0506057739, -0.161807135, 0.314701617, 0.935297489, 0.109755337, 0.947645783, -0.299868733, -0.980699897, 0.0541329756, -0.187876031),
['PD'] = CFrame.new(0.569759369, -0.188724756, -0.0946044922, -0.124291077, -0.0938690677, 0.98779577, -0.0772753656, 0.993407249, 0.0846790299, -0.989232123, -0.0658074394, -0.130725458),
},
['15'] = {
['PI'] = CFrame.new(-0.659534454, -0.529427886, 0.0882720947, -0.314685524, 0.0679846406, 0.946758211, -0.166660056, 0.977979422, -0.125621393, -0.934450328, -0.197318003, -0.2964257),
['Hea'] = CFrame.new(0.11397934, 2.78913593, -0.087677002, 0.996094704, 0.0815536156, 0.0338305533, -0.0843194574, 0.992316484, 0.0905442387, -0.026186347, -0.0930432007, 0.995317638),
['RA'] = CFrame.new(1.6400528, 1.06643224, 0.0105438232, -0.122890122, -0.338682443, 0.932841003, 0.123959862, 0.927365899, 0.353024811, -0.984648228, 0.15901807, -0.0719810277),
['Tor'] = CFrame.new(-0.000408172607, 1.30082893, 0.000625610352, 0.997108102, 0.0759948716, -0.000419259071, -0.075886324, 0.995949984, 0.0482188351, 0.00408193469, -0.0480475761, 0.998836637),
['Hats'] = {
['Hat3'] = CFrame.new(0.140991211, 3.12312412, -0.0931625366, 0.996094704, 0.0815534145, 0.0338304341, -0.0843192413, 0.992316544, 0.0905437022, -0.026186347, -0.0930426493, 0.995317698),
['Hat1'] = CFrame.new(0.123645782, 2.87311935, 0.00764465332, 0.996094644, 0.0815536603, 0.0338311791, -0.0843195841, 0.992316425, 0.0905455127, -0.0261869133, -0.0930445343, 0.995317578),
['Hat2'] = CFrame.new(0.153862, 3.38095236, -0.648422241, -0.996094644, 0.0815532357, -0.0338303745, 0.0843190402, 0.992316604, -0.0905432254, 0.0261863768, -0.0930421576, -0.995317698),
['Hat4'] = CFrame.new(2.94256973, 0.0731489658, 1.23987579, 0.295272112, 0.941534281, 0.16225785, -0.940160573, 0.316562384, -0.126041159, -0.170036793, -0.115331918, 0.978665471),
},
['LA'] = CFrame.new(-1.57852173, 1.27733707, 0.0522460938, -0.162979975, 0.315445781, 0.934842944, 0.110902257, 0.947364211, -0.300336182, -0.980376601, 0.0547274053, -0.189385042),
['PD'] = CFrame.new(0.567813873, -0.193353653, -0.0947570801, -0.125462487, -0.0937008262, 0.987663627, -0.0754451528, 0.993548334, 0.0846753418, -0.989225507, -0.0638908446, -0.131722346),
},
['16'] = {
['PI'] = CFrame.new(-0.660198212, -0.534221292, 0.0866546631, -0.314732403, 0.0682103932, 0.946726441, -0.165509477, 0.978190482, -0.125499755, -0.934639096, -0.196191043, -0.296578765),
['Hea'] = CFrame.new(0.114395142, 2.78804159, -0.0859222412, 0.996165156, 0.0812365785, 0.0324939489, -0.083790414, 0.992677212, 0.08701244, -0.0251874626, -0.0894014388, 0.995677114),
['RA'] = CFrame.new(1.64046478, 1.06707716, 0.00994873047, -0.122669347, -0.338695019, 0.932865441, 0.124491453, 0.927288771, 0.353040516, -0.984608531, 0.159441054, -0.0715853423),
['Tor'] = CFrame.new(-0.00040435791, 1.29919028, 0.000610351562, 0.997093439, 0.0761878118, -0.000468671322, -0.0760788843, 0.99596101, 0.0476828218, 0.00409963727, -0.0475085676, 0.998862505),
['Hats'] = {
['Hat3'] = CFrame.new(0.141082764, 3.12175512, -0.0899276733, 0.996165156, 0.0812348649, 0.0324938297, -0.0837885812, 0.992677808, 0.0870080143, -0.0251878202, -0.0893969759, 0.99567759),
['Hat1'] = CFrame.new(0.12392807, 2.8714838, 0.0101470947, 0.996164799, 0.0812369362, 0.0325013995, -0.08379177, 0.9926759, 0.0870258585, -0.0251936913, -0.089415431, 0.995675862),
['Hat2'] = CFrame.new(0.154430389, 3.38150024, -0.643722534, -0.996165395, 0.0812332928, -0.0324938297, 0.0837869048, 0.992678344, -0.0870039985, 0.025188297, -0.0893929377, -0.995677888),
['Hat4'] = CFrame.new(2.82088852, 0.0403971672, 1.29116058, 0.219911933, 0.962019086, 0.161734641, -0.961609185, 0.241674602, -0.13000448, -0.164153934, -0.126936018, 0.978233397),
},
['LA'] = CFrame.new(-1.57837677, 1.27834845, 0.0522766113, -0.163349196, 0.315713167, 0.93468833, 0.111362651, 0.947259188, -0.300497144, -0.980262935, 0.0550034195, -0.189892605),
['PD'] = CFrame.new(0.567260742, -0.197742939, -0.0956802368, -0.125783637, -0.0935403556, 0.987637997, -0.0740388334, 0.993653595, 0.0846806616, -0.989291072, -0.0624721237, -0.131910995),
},
['17'] = {
['PI'] = CFrame.new(-0.660232544, -0.544098258, 0.0811309814, -0.314646214, 0.0687135085, 0.946718693, -0.163141981, 0.978620112, -0.125249907, -0.935084164, -0.193858966, -0.29670912),
['Hea'] = CFrame.new(0.11605072, 2.78547287, -0.0827178955, 0.996330261, 0.0805074722, 0.0290643573, -0.0825728849, 0.993471026, 0.0787226036, -0.0225368738, -0.0808336437, 0.996472836),
['RA'] = CFrame.new(1.64160538, 1.06941557, 0.00949859619, -0.121249385, -0.338848412, 0.932995379, 0.126313493, 0.927021861, 0.35309422, -0.984552503, 0.160662353, -0.069599703),
['Tor'] = CFrame.new(-8.39233398e-05, 1.2953372, 0.000122070312, 0.997057319, 0.0766549706, -0.000881224871, -0.0765315518, 0.995985925, 0.0464242138, 0.00443634391, -0.0462201536, 0.998921394),
['Hats'] = {
['Hat3'] = CFrame.new(0.142589569, 3.11854362, -0.0841751099, 0.99633038, 0.0805055648, 0.0290652215, -0.0825709552, 0.993471503, 0.0787181407, -0.0225382745, -0.080829218, 0.996473134),
['Hat1'] = CFrame.new(0.125556946, 2.86763191, 0.0146255493, 0.996329904, 0.0805080086, 0.0290752053, -0.0825747326, 0.993469298, 0.0787412003, -0.0225460827, -0.0808530897, 0.996471047),
['Hat2'] = CFrame.new(0.157806396, 3.3827858, -0.635414124, -0.99633044, 0.0805038065, -0.0290661156, 0.0825691819, 0.99347192, -0.0787141323, 0.0225396156, -0.0808252469, -0.996473372),
['Hat4'] = CFrame.new(2.56905746, -0.0536987782, 1.28292084, 0.00946710259, 0.987323403, 0.15843904, -0.989575148, 0.0320211537, -0.140412509, -0.143705934, -0.155458063, 0.977333784),
},
['LA'] = CFrame.new(-1.57730103, 1.28187037, 0.050453186, -0.163965449, 0.316559374, 0.934294105, 0.112892635, 0.946911275, -0.301022083, -0.979984999, 0.0561177135, -0.190997943),
['PD'] = CFrame.new(0.567813873, -0.208024502, -0.100379944, -0.12624453, -0.0931443051, 0.987616539, -0.070750393, 0.993892133, 0.0846923292, -0.989472985, -0.0591823161, -0.132063344),
},
['18'] = {
['PI'] = CFrame.new(-0.660568237, -0.553832293, 0.0764160156, -0.31489405, 0.0691412464, 0.946605206, -0.160809159, 0.979037583, -0.125004277, -0.935404837, -0.191585898, -0.297174543),
['Hea'] = CFrame.new(0.117443085, 2.7828083, -0.0789871216, 0.996483803, 0.0797026008, 0.0258411169, -0.0813395977, 0.994217098, 0.0701165497, -0.0201032758, -0.0719719157, 0.997204065),
['RA'] = CFrame.new(1.64270401, 1.07219577, 0.0089263916, -0.119807132, -0.338991404, 0.933129787, 0.128479451, 0.926702082, 0.353152126, -0.984448791, 0.162198171, -0.0674721152),
['Tor'] = CFrame.new(-3.81469727e-05, 1.29133987, 5.34057617e-05, 0.99702096, 0.0771245062, -0.000980556011, -0.077001892, 0.996009529, 0.0451192409, 0.00445646048, -0.044909317, 0.998981237),
['Hats'] = {
['Hat3'] = CFrame.new(0.143863678, 3.11521339, -0.0778656006, 0.996483862, 0.0797014385, 0.0258427262, -0.0813385025, 0.994217336, 0.0701142922, -0.0201050639, -0.0719697624, 0.997204185),
['Hat1'] = CFrame.new(0.127017975, 2.86363411, 0.0195770264, 0.996483505, 0.0797032863, 0.0258502662, -0.0813412517, 0.994215846, 0.0701319203, -0.0201109946, -0.0719879791, 0.997202694),
['Hat2'] = CFrame.new(0.160869598, 3.38411713, -0.626502991, -0.996483862, 0.0797003806, -0.0258441567, 0.0813375115, 0.994217515, -0.0701122805, 0.0201067626, -0.0719678551, -0.997204304),
['Hat4'] = CFrame.new(2.29673004, -0.158308506, 1.26233673, -0.223615184, 0.962650776, 0.152642995, -0.967935383, -0.200939551, -0.150746599, -0.114444293, -0.181457818, 0.976716757),
},
['LA'] = CFrame.new(-1.57627106, 1.28603649, 0.0490570068, -0.164940551, 0.317576826, 0.933777094, 0.11470262, 0.946496546, -0.301641792, -0.979611158, 0.0573537424, -0.192542419),
['PD'] = CFrame.new(0.56810379, -0.218677521, -0.10509491, -0.127047256, -0.0927489772, 0.987550855, -0.0673426017, 0.994127929, 0.0847031474, -0.98960799, -0.0557429492, -0.132547125),
},
['19'] = {
['PI'] = CFrame.new(-0.661655426, -0.55849421, 0.0760650635, -0.31560123, 0.0692259818, 0.946363449, -0.15969263, 0.979235351, -0.124886185, -0.935357809, -0.190541506, -0.297992975),
['Hea'] = CFrame.new(0.117710114, 2.78139019, -0.0764007568, 0.996550441, 0.0792271867, 0.0247064531, -0.0806953758, 0.994582295, 0.0655309781, -0.0193808079, -0.0672986135, 0.997544765),
['RA'] = CFrame.new(1.64326859, 1.07401037, 0.00801849365, -0.119335689, -0.33900702, 0.933184505, 0.129893288, 0.926491916, 0.353186399, -0.984320402, 0.163362145, -0.0665288121),
['Tor'] = CFrame.new(-0.000343322754, 1.28921103, 0.000526428223, 0.997004032, 0.0773486644, -0.000451683998, -0.0772523135, 0.99602133, 0.0444246642, 0.00388607383, -0.0442566723, 0.999012649),
['Hats'] = {
['Hat3'] = CFrame.new(0.143848419, 3.11344194, -0.0735778809, 0.996550441, 0.079226993, 0.0247070491, -0.0806952119, 0.994582355, 0.0655307323, -0.0193814635, -0.0672984198, 0.997544706),
['Hat1'] = CFrame.new(0.127235413, 2.86150169, 0.0230560303, 0.996550381, 0.0792274177, 0.0247087777, -0.0806958303, 0.994582057, 0.0655348152, -0.0193828046, -0.0673026368, 0.997544408),
['Hat2'] = CFrame.new(0.161273956, 3.38482571, -0.620521545, -0.996550441, 0.0792268291, -0.0247076154, 0.0806950703, 0.994582474, -0.0655305162, 0.019382, -0.0672982484, -0.997544765),
['Hat4'] = CFrame.new(2.11314011, -0.220814943, 1.28198242, -0.360912144, 0.920703173, 0.148486495, -0.927894831, -0.338537484, -0.156216457, -0.0935607255, -0.194160283, 0.976497889),
},
['LA'] = CFrame.new(-1.57581329, 1.28873968, 0.0492782593, -0.166043147, 0.318265796, 0.933346987, 0.11587657, 0.946225584, -0.302042782, -0.979286671, 0.0580009297, -0.193993792),
['PD'] = CFrame.new(0.567321777, -0.224338531, -0.1065979, -0.128050938, -0.0925676897, 0.987438202, -0.0655293912, 0.994248748, 0.0847082883, -0.989600301, -0.0538592599, -0.133380368),
},
['20'] = {
['PI'] = CFrame.new(-0.662597656, -0.561146617, 0.0766067505, -0.31594184, 0.0692798346, 0.94624579, -0.159076676, 0.979344368, -0.124817245, -0.935347676, -0.189960644, -0.298395067),
['Hea'] = CFrame.new(0.117645264, 2.78052187, -0.0750579834, 0.996589899, 0.0793123096, 0.0227634013, -0.0806352124, 0.994641125, 0.0647076815, -0.0175092518, -0.0663225502, 0.997644544),
['RA'] = CFrame.new(1.64339447, 1.07462192, 0.00743103027, -0.119458713, -0.338974684, 0.933180451, 0.130256429, 0.926435947, 0.353199214, -0.984257519, 0.163745478, -0.0665172487),
['Tor'] = CFrame.new(-0.000331878662, 1.28831339, 0.000755310059, 0.996998012, 0.0774282888, -0.000116318464, -0.0773476213, 0.996025622, 0.044164557, 0.0035354197, -0.0440229848, 0.999024272),
['Hats'] = {
['Hat3'] = CFrame.new(0.143493652, 3.11255789, -0.0715103149, 0.996589899, 0.0793126076, 0.0227600336, -0.0806352794, 0.994641185, 0.0647066906, -0.0175060332, -0.0663213059, 0.997644901),
['Hat1'] = CFrame.new(0.126808167, 2.86060572, 0.0245742798, 0.99658978, 0.0793116018, 0.0227761865, -0.080635421, 0.994640887, 0.0647110268, -0.017521739, -0.0663269088, 0.997644126),
['Hat2'] = CFrame.new(0.161766052, 3.38444996, -0.618080139, -0.996590137, 0.0793129355, -0.0227567852, 0.0806353837, 0.994641185, -0.0647056848, 0.0175028443, -0.0663200468, -0.997644901),
['Hat4'] = CFrame.new(2.03005219, -0.211046457, 1.3416214, -0.408151358, 0.900972664, 0.147175699, -0.908881664, -0.385896862, -0.15817, -0.0857122093, -0.198322594, 0.976382017),
},
['LA'] = CFrame.new(-1.57582474, 1.28960252, 0.0499343872, -0.166593656, 0.318464458, 0.933181167, 0.116207391, 0.94615227, -0.302145422, -0.979153872, 0.0581070334, -0.194630876),
['PD'] = CFrame.new(0.566226959, -0.226740599, -0.106132507, -0.128546581, -0.0925148278, 0.987378776, -0.0649106055, 0.994288981, 0.0847116038, -0.989576936, -0.0532019697, -0.133817658),
},
['21'] = {
['PI'] = CFrame.new(-0.662769318, -0.570317984, 0.0722885132, -0.31563437, 0.069734782, 0.94631505, -0.15712373, 0.979687035, -0.124601141, -0.935781538, -0.188016936, -0.298265904),
['Hea'] = CFrame.new(0.119022369, 2.7770052, -0.0720977783, 0.996724546, 0.0798752978, 0.0126518905, -0.0805100054, 0.994823337, 0.062004745, -0.00763371587, -0.0628202558, 0.997995734),
['RA'] = CFrame.new(1.64431, 1.07766485, 0.00734710693, -0.118029453, -0.339186788, 0.933285236, 0.131710365, 0.926203489, 0.353269935, -0.984236538, 0.164619595, -0.064644888),
['Tor'] = CFrame.new(0.000644683838, 1.28479886, 7.62939453e-05, 0.99696666, 0.0778279677, -0.000676810741, -0.0777264237, 0.996041, 0.043139942, 0.00403159857, -0.0429564752, 0.999068856),
['Hats'] = {
['Hat3'] = CFrame.new(0.144798279, 3.10904026, -0.0673751831, 0.996724606, 0.0798757449, 0.0126472712, -0.0805101544, 0.994823396, 0.0620037504, -0.00762918591, -0.0628188923, 0.997995734),
['Hat1'] = CFrame.new(0.126914978, 2.85709286, 0.0273361206, 0.996724486, 0.0798741281, 0.0126747787, -0.0805103183, 0.994823039, 0.0620108508, -0.00765609741, -0.0628281757, 0.997994959),
['Hat2'] = CFrame.new(0.168914795, 3.38269138, -0.614456177, -0.996724546, 0.0798761845, -0.012643069, 0.0805103108, 0.994823515, -0.0620028637, 0.00762504339, -0.0628176779, -0.997995913),
['Hat4'] = CFrame.new(1.8441925, -0.1180408, 1.36463165, -0.577380419, 0.804397643, 0.139914989, -0.814618766, -0.555996656, -0.165118083, -0.0550283492, -0.209313303, 0.976299107),
},
['LA'] = CFrame.new(-1.5753212, 1.29368401, 0.0482711792, -0.166989371, 0.319128007, 0.93288362, 0.117564186, 0.945863605, -0.302523941, -0.978924513, 0.0591553971, -0.195467249),
['PD'] = CFrame.new(0.566135406, -0.236123562, -0.109580994, -0.128624722, -0.0921987072, 0.987398207, -0.0624220893, 0.994447112, 0.0847254246, -0.989726782, -0.0507376678, -0.133665755),
},
['22'] = {
['PI'] = CFrame.new(-0.663566589, -0.579539776, 0.0684967041, -0.31581369, 0.0700948685, 0.946228504, -0.15515919, 0.980027676, -0.124384612, -0.936048865, -0.186098397, -0.298630267),
['Hea'] = CFrame.new(0.119670868, 2.77328634, -0.0686416626, 0.996759534, 0.0804019421, 0.00246825814, -0.0804069489, 0.995005965, 0.0591444001, 0.00229939818, -0.0591512062, 0.998246431),
